1
1 1
9

4
1 2
9 8
1 2
8 9
2 1
3
4
2 1
4
3


1
3 2
1 2
3 4
5 6

1
3 3
0 0 0
0 1 0
0 0 0

1
3 3
1 2 3
4 5 6
7 8 9

1
3 6
11 12 13 14 15 16
17 18 19 20 21 22
23 24 25 26 27 28


1
6 6
11 12 13 14 15 16
17 18 19 20 21 22
23 24 25 26 27 28
29 30 31 32 33 34
35 36 37 38 39 40
41 42 43 44 45 46

0  1  2  3  4  5
6  7  8  9  10 11
12 13 14 15 16 17
18 19 20 21 22 23
24 25 26 27 28 29
30 31 32 33 34 35




1
4 4
67 1000 63 1000
29 29 92 14
21 1000 71 1000
8 67 91 25

0  1  2  3
4  5  6  7
8  9  10 11
12 13 14 15