4
3
1 1 1
2
1 2
4
8 4 6 2
1
-2


1
4
8 4 6 3

1


5
3
-2 -3 2
3
1000 999 0 998
3
-1000 -999 0 998
7
-1000 -999 0 555 347 267 -123
10
-1000 -999 0 0 0 666 555 347 267 -123

0
2994
998
946

1
7
-1000 -999 0 555 347 267 -123

1
1
0


1
2
0 0

1
1
-3

/////////// after contest /////////////
2
3
-2 -2 -2
3
-2 1 2



44
2
1 6
2
4 6
2
9 6
2
9 10
2
6 1
2
4 4
2
3 3
2
6 6
2
5071 5071
2
4009 4009
3
-2 -2 -2
3
-2 -2 -1
3
-2 -2 0
3
-2 -2 1
3
-2 -2 2
3
-2 -1 -2
3
-2 -1 -1
3
-2 -1 0
3
-2 -1 1
3
-2 -1 2
3
-2 0 -2
3
-2 0 -1
3
-2 0 0
3
-2 0 1
3
-2 0 2
3
-2 1 -2
3
-2 1 -1
3
-2 1 0
3
-2 1 1
3
-2 1 2
3
-2 2 -2
3
-2 2 -1
3
-2 2 0
3
-2 2 1
3
-2 2 2
3
-1 -2 -2
3
-1 -2 -1
3
-1 -2 0
3
-1 -2 1
3
-1 -2 2
3
-1 -1 -2
3
-1 -1 -1
3
-1 -1 0
3
-1 -1 1
