7
1 0 0 1 0 0 1

6
1 1 1 0 0 0

5
0 0 0 0 0


----------- After Contest --------------
100
1 0 1 0 1 0 0 0 0 0 0 0 1 0 0 0 0 0 0 0 1 0 1 0 0 0 1 0 0 0 1 0 0 0 0 1 0 1 0 0 0 0 0 0 0 0 0 1 0 1 0 1 0 0 1 1 1 0 1 1 1 0 0 0 1 0 0 0 1 0 0 0 0 0 0 0 1 0 1 0 0 0 0 1 0 0 1 0 0 1 1 0 0 1 1 1 0 0 0 0

100
1 1 0 1 1 0 0 0 0 1 0 1 1 1 0 1 1 1 1 0 1 1 1 1 1 1 0 1 1 0 0 1 1 1 0 0 0 1 0 0 1 0 1 1 0 1 0 0 1 0 0 1 1 0 0 1 0 0 1 1 0 1 0 1 0 0 0 0 0 1 0 0 0 0 0 0 1 1 0 0 0 1 1 1 0 1 1 0 1 1 1 0 0 1 1 0 0 0 0 1




----------------------- Contest self testing ---------
5
1 0 1 0 0

6
0 0 0 1 1 1

8
0 1 0 1 0 1 0 1

8
1 0 1 0 1 0 1 0

7
0 1 0 1 0 1 0

7
1 1 0 1 0 0 0

7
1 0 0 1 1 0 0

7
0 1 1 1 0 0 0

